,0
0,244138
1,30891
2,56031
3,58085
4,282816
5,118158
6,88246
7,178499
8,326920
9,164677
10,146210
11,73348
12,80931
13,68213
14,261473
15,335326
16,190532
17,336015
18,15713
19,239530
20,128216
21,85982
22,171895
23,16244
24,128041
25,366151
26,264298
27,64960
28,107682
29,324236
30,8096
31,34232
32,139496
33,55060
34,254833
35,144219
36,64662
37,335716
38,172297
39,307868
40,134055
41,216078
42,151846
43,233697
44,231245
45,184917
46,335988
47,13897
48,171363
49,311376
50,235468
51,103508
52,26564
53,212112
54,161080
55,43026
56,200199
57,216187
58,187929
59,61007
60,8057
61,137168
62,89688
63,25938
64,49543
65,169225
66,368383
67,98857
68,191114
69,13496
70,298121
71,325657
72,133001
73,51114
74,221916
75,167399
76,11673
77,199373
78,41213
79,7871
80,108744
81,34277
82,339466
83,292738
84,136645
85,303666
86,104261
87,124613
88,67163
89,238583
90,166132
91,23490
92,371092
93,274691
94,232986
95,236064
96,126528
97,102812
98,19599
99,316024
